12 81
4 81
13 81
12 82
4 82
9 82
12 83
4 83
13 83
3 83
9 83
9 84
13 84
9 85
13 85
9 86
13 86
9 87
13 87
9 88
13 88
9 89
13 89
9 90
13 90
9 91
13 91
9 92
13 92
9 93
13 93
9 94
13 94
11 94
9 95
11 95
9 96
11 96
9 97
11 97
9 98
11 98
10 98
10 99
11 99
4 100
3 100
6 100
11 100
10 100
10 101
4 101
6 101
11 101
10 102
4 102
6 102
11 102
10 103
4 103
6 103
11 103
10 104
4 104
6 104
11 104
10 105
4 105
6 105
11 105
10 106
4 106
6 106
11 106
10 107
4 107
6 107
11 107
10 108
4 108
6 108
11 108
10 109
4 109
6 109
11 109
10 110
4 110
6 110
11 110
10 110
4 111
6 111
11 111
10 111
4 112
6 112
11 112
10 113
4 113
6 113
11 113
10 114
4 114
6 114
11 114
10 115
4 115
6 115
11 115
10 116
4 116
6 116
11 116
10 117
4 117
6 117
11 117
10 118
4 118
6 118
11 118
10 119
4 119
6 119
11 119
10 119
4 120
6 120
11 120
10 121
4 121
6 121
11 121
10 122
4 122
6 122
11 122
3 122
8 122
7 122
5 122
10 123
8 123
4 123
5 123
6 123
7 123
10 124
8 124
4 124
5 124
6 124
7 124
10 125
8 125
4 125
5 125
6 125
7 125
10 126
8 126
4 126
5 126
6 126
7 126
10 127
8 127
4 127
5 127
6 127
7 127
10 128
8 128
4 128
5 128
6 128
7 128
10 129
8 129
4 129
5 129
6 129
7 129
3 129
8 130
4 130
5 130
6 130
7 130
8 131
4 131
5 131
6 131
7 131
8 132
4 132
5 132
6 132
7 132
8 133
4 133
5 133
6 133
7 133
8 134
4 134
5 134
6 134
7 134
8 135
4 135
5 135
6 135
7 135
8 136
4 136
5 136
6 136
7 136
8 137
4 137
5 137
6 137
7 137
8 138
4 138
5 138
6 138
7 138
8 139
4 139
5 139
6 139
7 139
8 140
4 140
5 140
6 140
7 140
4 141
8 141
5 141
6 141
7 141
8 142
4 142
5 142
6 142
7 142
8 143
4 143
5 143
6 143
7 143
8 144
4 144
5 144
6 144
7 144
8 145
4 145
5 145
6 145
7 145
8 146
4 146
5 146
6 146
7 146
8 147
4 147
5 147
6 147
7 147
8 148
4 148
5 148
6 148
7 148
8 149
4 149
5 149
6 149
7 149
8 150
6 150
5 150
4 150
7 150
8 151
7 151
6 151
5 151
4 151
8 152
7 152
6 152
5 152
4 152
8 153
7 153
6 153
5 153
4 153
8 154
7 154
6 154
5 154
4 154
8 155
7 155
6 155
5 155
4 155
8 156
7 156
6 156
5 156
4 156
8 157
7 157
6 157
5 157
4 157
8 158
7 158
6 158
5 158
4 158
8 159
7 159
6 159
5 159
4 159
8 160
7 160
6 160
5 160
4 160
8 161
7 161
6 161
5 161
4 161
8 162
7 162
6 162
5 162
4 162
8 163
7 163
6 163
5 163
4 163
8 164
7 164
6 164
5 164
4 164
8 165
7 165
6 165
5 165
4 165
8 166
7 166
6 166
5 166
4 166
8 167
7 167
6 167
5 167
4 167
8 168
7 168
6 168
5 168
4 168
8 169
7 169
6 169
5 169
4 169
8 170
7 170
6 170
5 170
4 170
8 171
7 171
6 171
5 171
4 171
8 172
7 172
6 172
5 172
4 172
8 173
7 173
6 173
5 173
4 173
8 174
7 174
6 174
5 174
4 174
8 175
7 175
6 175
5 175
4 175
8 176
7 176
6 176
5 176
4 176
8 177
7 177
6 177
5 177
4 177
8 178
7 178
6 178
5 178
4 178
8 179
7 179
6 179
5 179
4 179
8 180
7 180
6 180
5 180
4 180
8 181
7 181
6 181
5 181
4 181
8 182
7 182
6 182
5 182
4 182
8 183
7 183
6 183
5 183
4 183
8 184
7 184
6 184
5 184
4 184
8 185
7 185
6 185
5 185
4 185
8 186
7 186
6 186
5 186
4 186
8 187
7 187
6 187
5 187
4 187
8 188
7 188
6 188
5 188
4 188
8 189
7 189
6 189
5 189
4 189
8 190
7 190
6 190
5 190
4 190
8 191
7 191
6 191
5 191
4 191
8 192
7 192
6 192
5 192
4 192
8 193
7 193
6 193
5 193
4 193
8 194
7 194
6 194
5 194
4 194
8 195
7 195
6 195
5 195
4 195
8 196
7 196
6 196
5 196
4 196
8 197
7 197
6 197
5 197
4 197
8 198
7 198
6 198
5 198
4 198
8 199
7 199
6 199
5 199
4 199
8 200
7 200
6 200
5 200
4 200
8 201
7 201
6 201
5 201
4 201
8 202
7 202
6 202
5 202
4 202
8 203
7 203
6 203
5 203
4 203
8 204
7 204
6 204
5 204
4 204
8 205
7 205
6 205
5 205
4 205
8 206
7 206
6 206
5 206
4 206
8 207
7 207
6 207
5 207
4 207
8 208
7 208
6 208
5 208
4 208
8 209
7 209
6 209
5 209
4 209
8 210
7 210
6 210
5 210
4 210
8 211
7 211
6 211
5 211
4 211
8 212
7 212
6 212
5 212
4 212
8 213
7 213
6 213
5 213
4 213
8 214
7 214
6 214
5 214
4 214
8 215
7 215
6 215
5 215
4 215
8 216
7 216
6 216
5 216
4 216
8 217
7 217
6 217
5 217
4 217
8 218
7 218
6 218
5 218
4 218
8 219
7 219
6 219
5 219
4 219
8 220
7 220
6 220
5 220
4 220
8 221
7 221
6 221
5 221
4 221
8 222
7 222
6 222
5 222
4 222
8 223
7 223
6 223
5 223
4 223
8 224
7 224
6 224
5 224
4 224
8 225
7 225
6 225
5 225
4 225
8 226
7 226
6 226
5 226
4 226
8 227
7 227
6 227
5 227
4 227
8 228
7 228
6 228
5 228
4 228
8 229
7 229
6 229
5 229
4 229
8 230
7 230
6 230
5 230
4 230
8 231
7 231
6 231
5 231
4 231
8 232
7 232
6 232
5 232
4 232
8 233
7 233
6 233
5 233
4 233
8 234
7 234
6 234
5 234
4 234
8 235
7 235
6 235
5 235
4 235
8 236
7 236
6 236
5 236
4 236
8 237
7 237
6 237
5 237
4 237
8 238
7 238
6 238
5 238
4 238
8 239
7 239
6 239
5 239
4 239
8 240
7 240
6 240
5 240
4 240
8 241
7 241
6 241
5 241
4 241
8 242
7 242
6 242
5 242
4 242
8 243
7 243
6 243
5 243
4 243
8 244
7 244
6 244
5 244
4 244
8 245
7 245
6 245
5 245
4 245
8 246
7 246
6 246
5 246
4 246
8 247
7 247
6 247
5 247
4 247
8 248
7 248
6 248
5 248
4 248
8 249
7 249
6 249
5 249
4 249
8 250
7 250
6 250
5 250
4 250
8 251
7 251
6 251
5 251
4 251
3 251
8 252
7 252
5 252
8 253
7 253
5 253
8 254
7 254
5 254
8 255
7 255
5 255
8 256
7 256
5 256
8 257
7 257
5 257
8 258
7 258
5 258
8 259
7 259
5 259
8 260
7 260
5 260
8 261
7 261
5 261
8 262
7 262
5 262
8 263
7 263
5 263
8 264
7 264
5 264
8 265
7 265
5 265
8 266
7 266
5 266
8 267
7 267
5 267
8 268
7 268
5 268
8 269
7 269
5 269
8 270
7 270
5 270
8 271
7 271
5 271
8 272
7 272
5 272
8 273
7 273
5 273
8 274
7 274
5 274
8 275
7 275
5 275
8 276
7 276
5 276
8 277
7 277
5 277
8 278
7 278
5 278
8 279
7 279
5 279
8 280
7 280
5 280
8 281
7 281
5 281
8 282
7 282
5 282
8 283
7 283
5 283
8 284
7 284
5 284
8 285
7 285
5 285
8 286
7 286
5 286
8 287
7 287
5 287
8 288
7 288
5 288
8 289
7 289
5 289
8 290
7 290
5 290
8 291
7 291
5 291
8 292
7 292
5 292
8 293
7 293
5 293
8 294
7 294
5 294
8 295
7 295
5 295
8 296
7 296
5 296
8 297
7 297
5 297
8 298
7 298
5 298
8 299
7 299
5 299
8 300
7 300
5 300
8 301
7 301
5 301
8 302
7 302
5 302
8 303
7 303
5 303
8 304
7 304
5 304
8 305
7 305
5 305
8 306
7 306
5 306
8 307
7 307
5 307
8 308
7 308
5 308
8 309
7 309
5 309
8 310
7 310
5 310
8 311
7 311
5 311
8 312
7 312
5 312
8 313
7 313
5 313
8 314
7 314
5 314
8 315
7 315
5 315
8 316
7 316
5 316
8 317
7 317
5 317
8 318
7 318
5 318
8 319
7 319
5 319
8 320
7 320
5 320
8 321
7 321
5 321
8 322
7 322
5 322
3 322
2 322